function [Start,Goal]=Start_Goal()
Start=[ 2 18  ];
Goal=[19 1 ] ;
% text(19,6,num2str('T1'),'fontsize',18')
%  text(39,25,num2str('T2'),'fontsize',18')
% 8个[ 12 30;3 23;10 6;29 38;39 39;39 15;20 23; 29 29]
% 6个[ 12 30;3 23;10 6;29 38;39 39;39 15 ]
% 4个[ 16 13;19 36;26 3;36 29 ]
% 2个[ 20 4;35 39 ]