function zuobiao=Zuo_st()
 
 % zuobiao=[xTarget yTarget;xStart yStart]; [19 3 ;6 15 ] 
 
 zuobiao=[   48 2 ;3 48   ]  ;%
 %                                   
 %  18 20 ;2 2    49 47 ;16 30       48 48 ;26 2   3 3 ;38 49      48 2 ;3 48   


